P_ =   0.0039699 -0.00132538  0.00755757 -0.00445137
-0.00132538   0.0087117 -0.00377782   0.0230463
 0.00755757 -0.00377782   0.0693239  -0.0201434
-0.00445137   0.0230463  -0.0201434    0.142265
x_ = -24.7208
-6.27601
-2.91852
  3.1338
P_ =  0.00414951 -0.00184405  0.00638189 -0.00632177
-0.00184405   0.0111464 -0.00530393   0.0299933
 0.00638189 -0.00530393   0.0504616  -0.0277849
-0.00632177   0.0299933  -0.0277849    0.161583
x_ = -24.9266
-6.02585
-3.04261
 3.39243
P_ =  0.00392883 -0.00125004  0.00744246  -0.0042181
-0.00125004  0.00875697 -0.00356221   0.0231699
 0.00744246 -0.00356221   0.0687703  -0.0191175
 -0.0042181   0.0231699  -0.0191175    0.142852
x_ = -25.0467
-5.83636
-2.84993
 3.46709
P_ =  0.00408736 -0.00172176  0.00617956 -0.00591411
-0.00172176   0.0112138 -0.00485247   0.0302028
 0.00617956 -0.00485247   0.0494715  -0.0257034
-0.00591411   0.0302028  -0.0257034    0.162592
x_ = -25.1911
-5.65521
-2.85431
 3.48792
P_ =  0.00388626 -0.00116445  0.00730624 -0.00394286
-0.00116445  0.00880165 -0.00325975   0.0233072
 0.00730624 -0.00325975   0.0680898  -0.0177306
-0.00394286   0.0233072  -0.0177306     0.14354
x_ = -25.3341
 -5.4805
-2.80204
 3.49948
P_ =  0.00403036 -0.00159927  0.00600278  -0.0055069
-0.00159927   0.0112769 -0.00443531   0.0303928
 0.00600278 -0.00443531   0.0486312  -0.0237694
 -0.0055069   0.0303928  -0.0237694    0.163476
x_ = -25.5006
-5.22104
-2.85995
 3.72682
P_ =  0.00384773  -0.0010798  0.00718839 -0.00367254
 -0.0010798  0.00884285 -0.00298177   0.0234294
 0.00718839 -0.00298177   0.0675116  -0.0164448
-0.00367254   0.0234294  -0.0164448    0.144137
x_ = -25.6177
-5.06248
-2.75357
 3.65716
P_ =   0.0039747  -0.0014671  0.00582295 -0.00506291
 -0.0014671    0.011337 -0.00395001   0.0305797
 0.00582295 -0.00395001   0.0477644   -0.021547
-0.00506291   0.0305797   -0.021547    0.164364
x_ = -25.7443
-4.89029
-2.73225
 3.62685
P_ =   0.00380975 -0.000987405   0.00706747  -0.00337326
-0.000987405   0.00888272  -0.00265759    0.0235519
  0.00706747  -0.00265759    0.0669147   -0.0149692
 -0.00337326    0.0235519   -0.0149692     0.144743
x_ = -25.8543
-4.70181
-2.53181
 3.66597
P_ =  0.00392816 -0.00134564  0.00569092 -0.00466481
-0.00134564   0.0113922 -0.00358711   0.0307349
 0.00569092 -0.00358711   0.0471529  -0.0198266
-0.00466481   0.0307349  -0.0198266    0.165049
x_ = -25.9861
-4.41985
-2.54978
 3.92669
P_ =   0.00377898 -0.000905103   0.00698062   -0.0031152
-0.000905103   0.00891738  -0.00241748    0.0236476
  0.00698062  -0.00241748    0.0664894   -0.0138224
  -0.0031152    0.0236476   -0.0138224     0.145199
x_ = -26.0867
-4.23062
 -2.0857
  3.9629
P_ =  0.00388278 -0.00121268  0.00554667 -0.00421922
-0.00121268   0.0114411 -0.00310126   0.0308826
 0.00554667 -0.00310126   0.0464472  -0.0175775
-0.00421922   0.0308826  -0.0175775    0.165759
x_ = -26.1919
-3.89374
-2.09697
 4.32889
P_ =  0.00374815 -0.00081232  0.00688327 -0.00281435
-0.00081232   0.0089496  -0.0020926   0.0237448
 0.00688327  -0.0020926   0.0659977  -0.0123226
-0.00281435   0.0237448  -0.0123226     0.14569
x_ = -26.2581
-3.68337
-1.68292
  4.3481
P_ =  0.00383799 -0.00106239  0.00540044 -0.00370947
-0.00106239   0.0114853 -0.00251763   0.0310206
 0.00540044 -0.00251763   0.0457421  -0.0149458
-0.00370947   0.0310206  -0.0149458    0.166441
x_ = -26.2922
 -3.3895
-1.59547
 4.54204
P_ =   0.00371756 -0.000706448   0.00678442  -0.00246746
-0.000706448   0.00897972  -0.00170286    0.0238392
  0.00678442  -0.00170286    0.0655074   -0.0105818
 -0.00246746    0.0238392   -0.0105818     0.146172
x_ = -26.3338
-3.16122
-1.29259
 4.56334
P_ =   0.00379793 -0.000905553   0.00527951  -0.00318481
-0.000905553    0.0115249  -0.00195516     0.031139
  0.00527951  -0.00195516    0.0451776   -0.0124173
 -0.00318481     0.031139   -0.0124173      0.16701
x_ = -26.3631
-2.91731
-1.22896
 4.59984
P_ =   0.00369077 -0.000597561   0.00670365   -0.0021177
-0.000597561   0.00900632  -0.00132974    0.0239188
  0.00670365  -0.00132974    0.0651118  -0.00891638
  -0.0021177    0.0239188  -0.00891638     0.146574
x_ = -26.4114
-2.70274
 -1.0863
 4.56655
P_ =   0.00376498 -0.000751723   0.00518926   -0.0026805
-0.000751723    0.0115593  -0.00145156    0.0312348
  0.00518926  -0.00145156    0.0447562   -0.0101161
  -0.0026805    0.0312348   -0.0101161     0.167457
x_ = -26.4939
-2.57583
-1.13611
 4.30161
P_ =  0.00366919 -0.00049241  0.00664383 -0.00178758
-0.00049241  0.00902859 -0.00099708   0.0239813
 0.00664383 -0.00099708   0.0648103 -0.00739516
-0.00178758   0.0239813 -0.00739516    0.146889
x_ = -26.5397
-2.35008
-1.01721
 4.33625
P_ =   0.00374174 -0.000621654   0.00513773  -0.00227147
-0.000621654    0.0115904  -0.00112526    0.0313123
  0.00513773  -0.00112526    0.0445069  -0.00851276
 -0.00227147    0.0313123  -0.00851276     0.167784
x_ = -26.6026
-2.14795
 -1.0389
 4.29882
P_ =   0.00365458 -0.000406771   0.00661022  -0.00153111
-0.000406771   0.00904685 -0.000784026    0.0240258
  0.00661022 -0.000784026    0.0646244  -0.00631736
 -0.00153111    0.0240258  -0.00631736     0.147106
x_ =  -26.6232
 -1.92214
-0.872336
  4.33077
P_ =   0.00372374 -0.000496747   0.00509413  -0.00186997
-0.000496747    0.0116131 -0.000746705    0.0313666
  0.00509413 -0.000746705    0.0442747  -0.00665075
 -0.00186997    0.0313666  -0.00665075     0.168037
x_ =   -26.637
 -1.63858
-0.818013
  4.50506
P_ =  0.00364306 -0.00032236  0.00658058 -0.00126806
-0.00032236  0.00906036 -0.00053189   0.0240588
 0.00658058 -0.00053189   0.0644474 -0.00505317
-0.00126806   0.0240588 -0.00505317    0.147288
x_ =  -26.6255
 -1.43253
-0.406634
  4.45973
P_ =   0.00370897 -0.000360689   0.00505531  -0.00141518
-0.000360689    0.0116264 -0.000246948    0.0313961
  0.00505531 -0.000246948    0.0440693  -0.00430229
 -0.00141518    0.0313961  -0.00430229     0.168208
x_ =   -26.639
  -1.1831
-0.393806
  4.52925
P_ =   0.00363349 -0.000227471   0.00655356   -0.0009589
-0.000227471   0.00906909 -0.000196747    0.0240809
  0.00655356 -0.000196747    0.0642872  -0.00347444
  -0.0009589    0.0240809  -0.00347444     0.147433
x_ =  -26.6599
-0.973074
-0.234847
  4.48836
P_ =   0.00369885 -0.000223001   0.00503403 -0.000956444
-0.000223001    0.0116354  0.000226029    0.0314133
  0.00503403  0.000226029    0.0439564  -0.00209853
-0.000956444    0.0314133  -0.00209853     0.168317
x_ =  -26.6828
-0.686464
-0.252584
  4.65434
P_ =   0.00362722 -0.000132504   0.00653854 -0.000652399
-0.000132504    0.0090748   0.00011816    0.0240945
  0.00653854   0.00011816    0.0641908  -0.00200222
-0.000652399    0.0240945  -0.00200222     0.147532
x_ =  -26.6635
-0.451887
 0.113835
  4.65753
P_ =   0.00369343 -7.86059e-05   0.00502918 -0.000473326
-7.86059e-05    0.0116391  0.000737963    0.0314129
  0.00502918  0.000737963    0.0439246   0.00026576
-0.000473326    0.0314129   0.00026576      0.16834
x_ =  -26.6256
-0.106636
 0.178329
  4.95367
P_ =   0.00362424 -3.23859e-05   0.00653454 -0.000327796
-3.23859e-05     0.009077   0.00045939    0.0240966
  0.00653454   0.00045939    0.0641475 -0.000425339
-0.000327796    0.0240966 -0.000425339     0.147575
x_ = -26.5982
0.134621
0.440428
 4.93025
P_ =  0.00369372   8.332e-05  0.00504676 7.42427e-05
  8.332e-05   0.0116322  0.00136054   0.0313748
 0.00504676  0.00136054   0.0440089  0.00307633
7.42427e-05   0.0313748  0.00307633    0.168202
x_ = -26.5825
0.459503
0.435209
 5.13856
P_ =  0.00362541 8.14719e-05  0.00654585  4.5215e-05
8.14719e-05  0.00907278 0.000875435   0.0240771
 0.00654585 0.000875435    0.064178  0.00144013
 4.5215e-05   0.0240771  0.00144013    0.147526
x_ = -26.5588
0.707593
0.530652
 5.11049
P_ =  0.00370124 0.000255363   0.0050922 0.000649635
0.000255363   0.0116191  0.00199204   0.0313153
  0.0050922  0.00199204   0.0442229  0.00590631
0.000649635   0.0313153  0.00590631    0.167959
x_ = -26.5632
 1.00071
0.478686
 5.21111
P_ =  0.00363175 0.000201383  0.00657574 0.000431943
0.000201383  0.00906397  0.00129551   0.0240425
 0.00657574  0.00129551   0.0642923  0.00331114
0.000431943   0.0240425  0.00331114    0.147404
x_ = -26.5099
 1.28413
0.583948
 5.26912
P_ =  0.00371618 0.000427989  0.00516245  0.00121624
0.000427989   0.0116022  0.00257951   0.0312436
 0.00516245  0.00257951   0.0445408  0.00856423
 0.00121624   0.0312436  0.00856423    0.167646
x_ = -26.4692
 1.49828
0.598699
 5.13825
P_ =  0.00364314 0.000320052  0.00662164 0.000806527
0.000320052  0.00905184  0.00168459    0.023997
 0.00662164  0.00168459   0.0644753  0.00507134
0.000806527    0.023997  0.00507134    0.147225
x_ = -26.4199
  1.7069
0.786742
 4.99473
P_ = 0.00373729 0.00059213 0.00524917 0.00174461
0.00059213  0.0115815 0.00309305  0.0311622
0.00524917 0.00309305  0.0449206  0.0109434
0.00174461  0.0311622  0.0109434   0.167283
x_ = -26.3803
 1.89138
0.778319
 4.82184
P_ =  0.00365848 0.000431292  0.00667775  0.00115069
0.000431292  0.00903678  0.00202373   0.0239439
 0.00667775  0.00202373   0.0647018  0.00665754
 0.00115069   0.0239439  0.00665754    0.147005
x_ = -26.3041
 2.11787
 1.10288
 4.75783
P_ =  0.00376084 0.000733437   0.0053328  0.00218591
0.000733437   0.0115622  0.00345971   0.0310954
  0.0053328  0.00345971   0.0452636   0.0127454
 0.00218591   0.0310954   0.0127454    0.166986
x_ = -26.2531
 2.28718
  1.0853
 4.57617
P_ =  0.00367481 0.000524447   0.0067305  0.00142956
0.000524447  0.00902247  0.00226393   0.0238985
  0.0067305  0.00226393   0.0649109   0.0078754
 0.00142956   0.0238985   0.0078754    0.146813
x_ = -26.1814
 2.50847
 1.19467
 4.54758
P_ =  0.00378611 0.000858436  0.00541962  0.00257771
0.000858436   0.0115391  0.00379399   0.0310156
 0.00541962  0.00379399   0.0456374   0.0144488
 0.00257771   0.0310156   0.0144488    0.166622
x_ = -26.1103
 2.76589
 1.21989
  4.6273
P_ =  0.00369223 0.000607287  0.00678597  0.00168142
0.000607287  0.00900599  0.00248561   0.0238459
 0.00678597  0.00248561    0.065146  0.00904462
 0.00168142   0.0238459  0.00904462    0.146579
x_ = -26.0102
  2.9837
 1.64754
 4.54543
P_ =  0.00381678 0.000986791   0.0055353  0.00299815
0.000986791   0.0115048  0.00423414   0.0308873
  0.0055353  0.00423414   0.0461867   0.0165836
 0.00299815   0.0308873   0.0165836    0.166028
x_ = -25.906
3.29733
1.70188
4.77441
P_ =  0.00371407 0.000695843  0.00686278   0.0019662
0.000695843  0.00898239  0.00278195   0.0237635
 0.00686278  0.00278195   0.0654964   0.0105013
  0.0019662   0.0237635   0.0105013     0.14621
x_ = -25.8147
 3.53351
 1.87126
 4.74357
P_ = 0.00385668  0.0011297 0.00569431 0.00347976
 0.0011297  0.0114556 0.00478716  0.0306998
0.00569431 0.00478716  0.0469607  0.0191391
0.00347976  0.0306998  0.0191391   0.165176
x_ = -25.7169
 3.71869
 1.86915
 4.60664
P_ = 0.00374305 0.00079675 0.00696995 0.00229914
0.00079675 0.00894907 0.00315476   0.023645
0.00696995 0.00315476  0.0659898  0.0122234
0.00229914   0.023645  0.0122234    0.14569
x_ = -25.5934
 3.92421
 2.10065
  4.5115
P_ = 0.00390069  0.0012679 0.00585338 0.00393701
 0.0012679  0.0114074 0.00523672  0.0305346
0.00585338 0.00523672  0.0476838  0.0212436
0.00393701  0.0305346  0.0212436   0.164453
x_ = -25.538
4.07996
1.99557
4.32428
P_ =  0.00377398 0.000891418  0.00707446  0.00260287
0.000891418  0.00891641   0.0034541   0.0235399
 0.00707446   0.0034541   0.0664499   0.0136356
 0.00260287   0.0235399   0.0136356    0.145238
x_ = -25.4085
 4.27712
 2.21644
  4.2445
P_ = 0.00394468 0.00139161 0.00599859 0.00433735
0.00139161  0.0113629 0.00557948  0.0303952
0.00599859 0.00557948  0.0483193  0.0229308
0.00433735  0.0303952  0.0229308   0.163843
x_ = -25.2493
 4.51658
 2.31079
 4.31996
P_ =  0.00380406 0.000974103  0.00716811   0.0028618
0.000974103  0.00888634  0.00368094   0.0234503
 0.00716811  0.00368094    0.066859   0.0147789
  0.0028618   0.0234503   0.0147789    0.144842
x_ = -25.0883
 4.71792
 2.43885
 4.27553
P_ = 0.00399467 0.00151757 0.00617951   0.004752
0.00151757  0.0113065 0.00600859  0.0301978
0.00617951 0.00600859  0.0491779  0.0249787
  0.004752  0.0301978  0.0249787   0.162934
x_ = -24.9805
 4.91003
 2.40795
 4.21735
P_ = 0.00383928 0.00106112 0.00728864 0.00314207
0.00106112  0.0088482 0.00396956  0.0233237
0.00728864 0.00396956   0.067417  0.0161706
0.00314207  0.0233237  0.0161706   0.144265
x_ = -24.8146
 5.10643
 2.65469
 4.14708
P_ = 0.00404872 0.00164106 0.00637111 0.00515908
0.00164106   0.011246 0.00641553  0.0299922
0.00637111 0.00641553  0.0500714  0.0269189
0.00515908  0.0299922  0.0269189   0.162005
x_ = -24.6493
 5.33816
 2.72066
 4.21441
P_ = 0.00387714 0.00114605 0.00741566 0.00341519
0.00114605 0.00880754 0.00424259  0.0231923
0.00741566 0.00424259  0.0679976  0.0174862
0.00341519  0.0231923  0.0174862   0.143673
x_ = -24.4687
 5.52526
   3.083
 4.08794
P_ = 0.00411064 0.00176922 0.00659914 0.00558446
0.00176922  0.0111741 0.00687376  0.0297391
0.00659914 0.00687376  0.0511579  0.0290545
0.00558446  0.0297391  0.0290545   0.160851
x_ = -24.2864
 5.69457
 3.12592
 3.99973
P_ = 0.00392106  0.0012355  0.0075685  0.0037053
 0.0012355  0.0087591 0.00455133  0.0230306
 0.0075685 0.00455133  0.0687041   0.018931
 0.0037053  0.0230306   0.018931   0.142944
x_ = -24.1141
 5.85923
 3.35946
 3.85283
P_ = 0.00417605 0.00189301 0.00682806 0.00599171
0.00189301  0.0110993 0.00727721  0.0294912
0.00682806 0.00727721   0.052213  0.0309572
0.00599171  0.0294912  0.0309572   0.159753
x_ = -23.947
6.01183
3.34685
3.74838
P_ = 0.00396675 0.00132065    0.00772 0.00397748
0.00132065 0.00870936 0.00482201  0.0228737
   0.00772 0.00482201  0.0693901  0.0202175
0.00397748  0.0228737  0.0202175   0.142247
x_ = -23.7892
 6.21158
 3.20411
 3.81501
P_ = 0.00424147 0.00200715 0.00704563 0.00636329
0.00200715  0.0110263 0.00761675  0.0292609
0.00704563 0.00761675  0.0531993  0.0326108
0.00636329  0.0292609  0.0326108   0.158738
x_ = -23.6391
 6.35836
  3.1728
 3.69917
P_ = 0.00401177 0.00139812 0.00786267 0.00422215
0.00139812 0.00866108 0.00504962  0.0227282
0.00786267 0.00504962  0.0700357  0.0213429
0.00422215  0.0227282  0.0213429   0.141595
x_ = -23.4789
 6.53858
 3.26847
 3.65918
P_ = 0.00430935 0.00211665 0.00727711   0.006721
0.00211665  0.0109506 0.00796282  0.0290142
0.00727711 0.00796282  0.0542827  0.0342984
  0.006721  0.0290142  0.0342984   0.157612
x_ = -23.2512
 6.79523
  3.4103
 3.86051
P_ = 0.00405888 0.00147317 0.00801626 0.00446164
0.00147317 0.00861058 0.00528315  0.0225703
0.00801626 0.00528315  0.0707502  0.0224977
0.00446164  0.0225703  0.0224977   0.140865
x_ = -23.0436
 6.94689
 3.60221
 3.71526
P_ = 0.00439152 0.00223776 0.00759118 0.00712192
0.00223776  0.0108534 0.00844156  0.0286598
0.00759118 0.00844156  0.0558279  0.0364876
0.00712192  0.0286598  0.0364876    0.15595
x_ = -22.8382
  7.1176
 3.64498
 3.68075
P_ = 0.00411809 0.00155954 0.00823028 0.00474295
0.00155954 0.00854451 0.00560876  0.0223412
0.00823028 0.00560876  0.0717652  0.0239869
0.00474295  0.0223412  0.0239869   0.139805
x_ = -22.6124
 7.27066
 3.94033
 3.53254
P_ = 0.00447837 0.00235608 0.00789833 0.00751163
0.00235608   0.010754 0.00884362  0.0283268
0.00789833 0.00884362  0.0572529  0.0383515
0.00751163  0.0283268  0.0383515   0.154466
x_ = -22.4422
 7.39075
 3.87096
 3.38198
P_ =  0.0041791  0.0016418 0.00843504 0.00500626
 0.0016418 0.00847803  0.0058801  0.0221289
0.00843504  0.0058801  0.0726955  0.0252483
0.00500626  0.0221289  0.0252483   0.138859
x_ = -22.1977
 7.54225
 4.28763
 3.23047
P_ =  0.0045634  0.0024637 0.00817784 0.00786248
 0.0024637   0.010659 0.00916016  0.0280311
0.00817784 0.00916016  0.0585144  0.0398941
0.00786248  0.0280311  0.0398941   0.153169
x_ = -22.0238
  7.6843
 4.20425
 3.17251
P_ = 0.00423758 0.00171506 0.00861863  0.0052374
0.00171506 0.00841533 0.00609353  0.0219419
0.00861863 0.00609353  0.0735247  0.0263004
 0.0052374  0.0219419  0.0263004   0.138022
x_ = -21.8223
 7.87728
 4.14165
 3.28189
P_ =  0.0046506 0.00256563 0.00847409 0.00819366
0.00256563  0.0105593 0.00948526  0.0277086
0.00847409 0.00948526  0.0599056  0.0414744
0.00819366  0.0277086  0.0414744   0.151704
x_ = -21.6294
 8.00122
 4.10064
 3.17618
P_ = 0.00429827 0.00178546 0.00881612 0.00546063
0.00178546 0.00834913 0.00631499  0.0217363
0.00881612 0.00631499   0.074447  0.0273877
0.00546063  0.0217363  0.0273877   0.137073
x_ = -21.4276
 8.14537
 4.18222
 3.10023
P_ = 0.00474351 0.00266621 0.00880112 0.00852163
0.00266621  0.0104528 0.00983103  0.0273513
0.00880112 0.00983103  0.0614703  0.0431234
0.00852163  0.0273513  0.0431234   0.150055
x_ = -21.2313
 8.13916
 4.09945
  2.6865
P_ = 0.00436368 0.00185583 0.00903634 0.00568574
0.00185583 0.00827767 0.00655132  0.0215062
0.00903634 0.00655132  0.0754851  0.0285228
0.00568574  0.0215062  0.0285228   0.136004
x_ = -21.0252
 8.30509
  4.0329
 2.80143
P_ = 0.00482278 0.00274708 0.00903102 0.00879056
0.00274708   0.010365  0.0100063   0.027111
0.00903102  0.0100063  0.0624644  0.0441301
0.00879056   0.027111  0.0441301   0.149039
x_ = -20.8629
 8.44941
 3.95883
 2.80335
P_ = 0.00441651 0.00190941 0.00918416 0.00585762
0.00190941 0.00822132 0.00667118  0.0213577
0.00918416 0.00667118  0.0761525  0.0292267
0.00585762  0.0213577  0.0292267   0.135334
x_ = -20.6018
 8.58463
 4.36504
 2.68275
P_ = 0.00491022 0.00282964 0.00934252 0.00906153
0.00282964  0.0102641  0.0103007  0.0267677
0.00934252  0.0103007  0.0640107  0.0455747
0.00906153  0.0267677  0.0455747   0.147396
x_ = -20.3516
 8.72321
 4.42847
 2.70157
P_ = 0.00447849 0.00196784 0.00939678 0.00604821
0.00196784 0.00815329 0.00687486   0.021134
0.00939678 0.00687486  0.0771937   0.030236
0.00604821   0.021134   0.030236   0.134254
x_ = -20.1412
 8.86353
 4.35636
 2.73624
P_ = 0.00501172 0.00291735 0.00972825 0.00934994
0.00291735  0.0101414  0.0106573  0.0263284
0.00972825  0.0106573  0.0659233  0.0472112
0.00934994  0.0263284  0.0472112   0.145334
x_ = -19.9637
 8.93997
 4.25415
 2.57401
P_ = 0.00455205 0.00203169 0.00966262 0.00625696
0.00203169 0.00807011 0.00712183  0.0208488
0.00966262 0.00712183  0.0784679  0.0313704
0.00625696  0.0208488  0.0313704   0.132927
x_ = -19.756
9.06098
 4.2443
2.55148
P_ =  0.0051136 0.00300033  0.0100768 0.00962928
0.00300033  0.0100247  0.0109234  0.0259524
 0.0100768  0.0109234  0.0675364  0.0485077
0.00962928  0.0259524  0.0485077   0.143661
x_ = -19.5526
 9.11509
 4.19765
 2.36478
P_ = 0.00462338 0.00208982 0.00989615 0.00644774
0.00208982  0.0079924 0.00730523  0.0206082
0.00989615 0.00730523  0.0795376  0.0322648
0.00644774  0.0206082  0.0322648   0.131842
x_ = -19.2937
 9.24257
 4.48114
 2.31175
P_ = 0.00521086 0.00307418   0.010392 0.00987908
0.00307418 0.00991417  0.0111323  0.0256138
  0.010392  0.0111323  0.0689837  0.0495985
0.00987908  0.0256138  0.0495985   0.142156
x_ = -19.0039
 9.33684
  4.6017
 2.27603
P_ = 0.00469051 0.00214084  0.0101058 0.00661564
0.00214084 0.00791955 0.00745049  0.0203928
 0.0101058 0.00745049  0.0805068   0.033026
0.00661564  0.0203928   0.033026   0.130855
x_ = -18.7782
 9.42862
 4.68846
 2.16425
P_ = 0.00532048 0.00314879  0.0107989    0.01012
0.00314879 0.00978074  0.0114279  0.0251484
 0.0107989  0.0114279  0.0709982   0.050972
   0.01012  0.0251484   0.050972   0.139974
x_ = -18.5251
 9.52473
  4.7204
 2.13934
P_ = 0.00476972 0.00219544  0.0103865 0.00679134
0.00219544 0.00782951   0.007658  0.0200912
 0.0103865   0.007658  0.0818578   0.033991
0.00679134  0.0200912   0.033991   0.129442
x_ = -18.2452
 9.57461
 5.04207
 1.86768
P_ = 0.00543586 0.00322118  0.0112112  0.0103581
0.00322118 0.00964242  0.0116901  0.0246859
 0.0112112  0.0116901  0.0729667  0.0522096
 0.0103581  0.0246859  0.0522096   0.137878
x_ = -17.9401
 9.70944
 5.16591
 1.98552
P_ = 0.00485211 0.00224782  0.0106676  0.0069608
0.00224782  0.0077369 0.00784242  0.0197941
 0.0106676 0.00784242  0.0831704  0.0348578
 0.0069608  0.0197941  0.0348578   0.128089
x_ = -17.6761
 9.82233
  5.0925
 2.07378
P_ = 0.00556402 0.00329267  0.0116883  0.0105844
0.00329267 0.00948411  0.0119805  0.0241382
 0.0116883  0.0119805  0.0752852  0.0535156
 0.0105844  0.0241382  0.0535156   0.135373
x_ = -17.409
9.91875
5.11452
2.05965
P_ = 0.00494512  0.0023009  0.0109964 0.00712767
 0.0023009 0.00763026 0.00804824  0.0194414
 0.0109964 0.00804824  0.0847157  0.0357784
0.00712767  0.0194414  0.0357784   0.126481
x_ = -17.142
10.0172
5.23175
1.99351
P_ =  0.0057045 0.00336338   0.012206  0.0108057
0.00336338 0.00931388  0.0122624  0.0235548
  0.012206  0.0122624  0.0777744  0.0547744
 0.0108057  0.0235548  0.0547744   0.132716
x_ = -16.879
10.1255
5.23843
2.01499
P_ = 0.00504679 0.00235323   0.011352 0.00728993
0.00235323 0.00751527  0.0082484  0.0190646
  0.011352  0.0082484  0.0863709  0.0366669
0.00728993  0.0190646  0.0366669    0.12477
x_ = -16.6057
 10.2124
 5.33389
 1.93423
P_ = 0.00585546 0.00343084  0.0127546  0.0110129
0.00343084 0.00913348  0.0125245  0.0229429
 0.0127546  0.0125245  0.0803948  0.0559458
 0.0110129  0.0229429  0.0559458   0.129932
x_ = -16.3794
 10.2903
 5.24199
 1.87593
P_ = 0.00515566 0.00240302  0.0117279 0.00744146
0.00240302 0.00739323 0.00843563  0.0186688
 0.0117279 0.00843563  0.0881138  0.0374992
0.00744146  0.0186688  0.0374992   0.122971
x_ = -16.1036
  10.378
 5.37329
 1.79475
P_ = 0.00600665 0.00349083  0.0132742  0.0112032
0.00349083 0.00895683  0.0127238  0.0223741
 0.0132742  0.0127238  0.0828219  0.0569085
 0.0112032  0.0223741  0.0569085   0.127379
x_ = -15.9058
 10.3575
  5.1734
 1.50659
P_ = 0.00526287 0.00244648  0.0120798 0.00757613
0.00244648 0.00727477 0.00858053  0.0183028
 0.0120798 0.00858053  0.0897326  0.0381901
0.00757613  0.0183028  0.0381901    0.12131
x_ = -15.6475
 10.4297
 5.19158
 1.48447
P_ = 0.00613987 0.00353738  0.0136806  0.0113716
0.00353738 0.00880275  0.0128202  0.0219334
 0.0136806  0.0128202  0.0846501  0.0575639
 0.0113716  0.0219334  0.0575639    0.12546
x_ = -15.4658
 10.3839
 4.97112
 1.17113
P_ = 0.00535433 0.00247924  0.0123492 0.00768879
0.00247924 0.00717423 0.00865708  0.0180256
 0.0123492 0.00865708  0.0909695  0.0386738
0.00768879  0.0180256  0.0386738   0.120042
x_ = -15.1465
 10.4296
 5.35418
  0.9938
P_ = 0.00624907 0.00356966  0.0139871  0.0115059
0.00356966 0.00867322  0.0128537  0.0215914
 0.0139871  0.0128537  0.0860547  0.0580178
 0.0115059  0.0215914  0.0580178   0.123949
x_ = -14.8935
 10.4706
 5.31925
 0.96825
P_ = 0.00542813 0.00250206  0.0125523 0.00777843
0.00250206 0.00709153 0.00869262  0.0178135
 0.0125523 0.00869262  0.0919508  0.0390273
0.00777843  0.0178135  0.0390273   0.119022
x_ = -14.6482
 10.5029
 5.12557
 1.02754
P_ =  0.0063662 0.00359383  0.0144213  0.0115734
0.00359383 0.00851973  0.0129715   0.021068
 0.0144213  0.0129715  0.0883359  0.0586128
 0.0115734   0.021068  0.0586128   0.121403
x_ = -14.4333
 10.4492
 4.98611
0.763619
P_ = 0.00551481 0.00252289  0.0128624 0.00784302
0.00252289 0.00698807 0.00878789  0.0174711
 0.0128624 0.00878789  0.0935343  0.0395022
0.00784302  0.0174711  0.0395022   0.117338
x_ = -14.1624
  10.479
 5.10091
0.695509
P_ = 0.00646943 0.00361118  0.0147515  0.0116613
0.00361118 0.00838523  0.0130007   0.020675
 0.0147515  0.0130007  0.0899242  0.0589854
 0.0116613   0.020675  0.0589854   0.119656
x_ = -13.834
10.6555
5.32707
1.05657
P_ = 0.00558803 0.00253774  0.0130912  0.0079118
0.00253774 0.00690093 0.00882363  0.0172237
 0.0130912 0.00882363   0.094643  0.0398097
 0.0079118  0.0172237  0.0398097   0.116181
x_ = -13.5681
 10.7213
 5.26837
 1.13993
P_ = 0.00661508 0.00362561  0.0153912  0.0116472
0.00362561 0.00818815  0.0131819  0.0199019
 0.0153912  0.0131819  0.0933583  0.0595668
 0.0116472  0.0199019  0.0595668   0.115843
x_ = -13.3433
 10.7044
 5.14745
0.953771
P_ = 0.00570273 0.00255457  0.0135602 0.00793756
0.00255457 0.00676222 0.00896211  0.0167048
 0.0135602 0.00896211  0.0969933  0.0402939
0.00793756  0.0167048  0.0402939    0.11369
x_ = -13.0663
 10.7383
 5.29136
0.836445
P_ = 0.00676582 0.00363884  0.0159461  0.0116938
0.00363884 0.00799919  0.0132497  0.0192723
 0.0159461  0.0132497  0.0960036  0.0599271
 0.0116938  0.0192723  0.0599271   0.113032
x_ = -12.8162
 10.8299
 5.28597
0.946994
P_ = 0.00581384 0.00256788  0.0139486 0.00798559
0.00256788 0.00663408 0.00902405  0.0162952
 0.0139486 0.00902405  0.0987777  0.0405983
0.00798559  0.0162952  0.0405983    0.11186
x_ = -12.5359
 10.8901
  5.3523
0.960974
P_ = 0.00693131 0.00364437  0.0165759  0.0116857
0.00364437  0.0077918  0.0133139  0.0185515
 0.0165759  0.0133139  0.0991077   0.060161
 0.0116857  0.0185515   0.060161   0.109689
x_ = -12.3331
 10.8314
 5.15355
0.693028
P_ = 0.00593754 0.00257601  0.0143948 0.00799996
0.00257601 0.00649132 0.00908351  0.0158195
 0.0143948 0.00908351   0.100883  0.0408297
0.00799996  0.0158195  0.0408297   0.109669
x_ = -12.0693
  10.869
 5.16631
0.704337
P_ = 0.00708387 0.00364314  0.0170837  0.0117057
0.00364314 0.00760414  0.0132906  0.0179795
 0.0170837  0.0132906   0.101464  0.0602427
 0.0117057  0.0179795  0.0602427   0.107168
x_ = -11.8302
 10.9305
 5.13793
0.757695
P_ = 0.00604706 0.00257834  0.0147452  0.0080235
0.00257834 0.00636612 0.00908657  0.0154515
 0.0147452 0.00908657   0.102492  0.0409454
 0.0080235  0.0154515  0.0409454   0.108007
x_ = -11.5379
 10.9594
  5.2758
0.687828
P_ = 0.00724244 0.00363108  0.0176664  0.0116432
0.00363108 0.00740441  0.0132762  0.0173056
 0.0176664  0.0132762   0.104388  0.0601675
 0.0116432  0.0173056  0.0601675    0.10398
x_ = -11.3297
 10.9584
 5.13258
0.588182
P_ = 0.00616514 0.00257367  0.0151606 0.00799839
0.00257367 0.00622907 0.00909412  0.0150052
 0.0151606 0.00909412   0.104506  0.0409718
0.00799839  0.0150052  0.0409718   0.105889
x_ =  -11.0505
  10.9066
  5.46427
0.0765967
P_ = 0.00739771 0.00360968  0.0182216  0.0115662
0.00360968 0.00720668  0.0132154  0.0166593
 0.0182216  0.0132154   0.107134  0.0599571
 0.0115662  0.0166593  0.0599571   0.100982
x_ =     -10.754
    10.8687
    5.49422
-0.00883974
P_ = 0.00628029 0.00256254   0.015556 0.00796239
0.00256254 0.00609439 0.00907228  0.0145799
  0.015556 0.00907228   0.106406  0.0409079
0.00796239  0.0145799  0.0409079   0.103897
x_ =  -10.4907
  10.8702
    5.446
0.0162198
P_ = 0.00754027  0.0035731  0.0187302  0.0114505
 0.0035731 0.00700774  0.0131039  0.0160239
 0.0187302  0.0131039   0.109689   0.059577
 0.0114505  0.0160239   0.059577  0.0980821
x_ =   -10.2736
   10.8499
   5.30885
-0.0503052
P_ = 0.00638793 0.00254232  0.0159255 0.00790449
0.00254232  0.0059605 0.00902262   0.014167
 0.0159255 0.00902262   0.108202  0.0407461
0.00790449   0.014167  0.0407461   0.101982
x_ = -10.0219
 10.9014
 5.12388
0.271819
P_ = 0.00767667 0.00353057  0.0192173  0.0113229
0.00353057 0.00681796  0.0129718  0.0154244
 0.0192173  0.0129718   0.112162  0.0591108
 0.0113229  0.0154244  0.0591108  0.0953114
x_ = -9.76447
 10.9561
 5.14906
0.363092
P_ = 0.00649126 0.00251768  0.0162813 0.00783697
0.00251768 0.00583258 0.00895773  0.0137752
 0.0162813 0.00895773    0.10995  0.0405167
0.00783697  0.0137752  0.0405167   0.100133
x_ = -9.54092
 10.9275
 5.10388
0.174572
P_ = 0.00783433 0.00347402  0.0198611  0.0110656
0.00347402  0.0066036   0.012835  0.0146505
 0.0198611   0.012835   0.115581  0.0582778
 0.0110656  0.0146505  0.0582778  0.0915271
x_ =   -9.281
 10.9588
 5.12723
0.225468
P_ = 0.00661569 0.00248215  0.0167609 0.00768596
0.00248215 0.00568159 0.00888146    0.01325
 0.0167609 0.00888146   0.112345  0.0400526
0.00768596    0.01325  0.0400526   0.097598
x_ = -9.03807
 10.9328
 5.09844
 0.10885
P_ = 0.00799338  0.0034094  0.0204628  0.0108296
 0.0034094 0.00639247  0.0126376  0.0139411
 0.0204628  0.0126376   0.118607  0.0573771
 0.0108296  0.0139411  0.0573771  0.0882209
x_ = -8.77053
 10.9702
 5.14558
0.182093
P_ =   0.006738 0.00244074  0.0172013 0.00754438
0.00244074 0.00553522 0.00876764  0.0127755
 0.0172013 0.00876764   0.114457  0.0395341
0.00754438  0.0127755  0.0395341  0.0953881
x_ =   -8.53738
   10.9196
   5.09464
-0.0093363
P_ = 0.00815384 0.00333016  0.0210784  0.0105279
0.00333016 0.00617554  0.0123927  0.0132026
 0.0210784  0.0123927   0.121759  0.0561987
 0.0105279  0.0132026  0.0561987  0.0847315
x_ = -8.41345
 10.8207
 4.72935
-0.26252
P_ = 0.00686288 0.00238874  0.0176571 0.00735842
0.00238874 0.00538388 0.00862104  0.0122781
 0.0176571 0.00862104   0.116674  0.0388342
0.00735842  0.0122781  0.0388342   0.093046
x_ =  -8.16108
  10.8292
  4.76408
-0.189205
P_ = 0.00827041 0.00326529  0.0213945  0.0104569
0.00326529 0.00601796  0.0121341   0.012823
 0.0213945  0.0121341   0.123154  0.0556293
 0.0104569   0.012823  0.0556293  0.0831752
x_ =  -7.77955
  10.9042
  5.15254
0.0386998
P_ = 0.00694562   0.002349  0.0178786 0.00732015
  0.002349 0.00528277 0.00847839   0.012043
 0.0178786 0.00847839   0.117694   0.038499
0.00732015   0.012043   0.038499  0.0919778
x_ =  -7.51129
  10.9031
  5.14932
0.0779047
P_ = 0.00841311 0.00315017  0.0220687 0.00988118
0.00315017 0.00579187  0.0118113  0.0119264
 0.0220687  0.0118113   0.127099  0.0534813
0.00988118  0.0119264  0.0534813  0.0785507
x_ =  -7.23246
  10.8959
  5.19534
0.0613838
P_ = 0.00706985 0.00226997  0.0184169 0.00695398
0.00226997 0.00511771 0.00826626  0.0114158
 0.0184169 0.00826626   0.120551  0.0371732
0.00695398  0.0114158  0.0371732  0.0888411